269684440
703920834
3486577006
1689077305
262284723
478491937
1274999877
1716532502
2975189221
3364634200
551254294
2280313370
1748045617
3377424194
3185594040
1837919951
3021974889
1807105174
2517236511
3634723733
2050543155
3295707496
3625454846
848402491
1135522091
2765722531
793097104
9059645
3582675020
3046544685
3223915831
3590330757
3384664619
3579861928
366711356
2763408617
609181188
2211977571
104946960
3070766336
3142710167
1917258070
2208666126
548564231
1602214041
2139212381
2248415881
2060371447
2817125729
2013057112
3476606256
2796313365
3475559271
1291324988
2507946363
2839215454
1208228117
2169396566
1974386295
1728344603
2070203785
962841392
812904306
1315789578
457676887
304470100
2495525066
2932836162
3470634295
350377896
570164256
2962546307
1473152226
472377289
3298546960
310178461
3079275700
2373133319
3035869712
3455152497
2279164810
1469942370
2439273402
3403154179
2672995750
2876209644
2270694478
